4
parque
40
(10954,2.0,0.35)
(7894,4.0,0.03)
(4573,2.0,0.35)
(7972,5,0.05)
(5459,3.0,1.0)
(15517,2.0,1.0)
(2856,3.0,0.4)
(12633,1.0,1.0)
(3787,1.0,1.0)
(814,1.0,1.0)
(184,2.0,0.35)
(1477,5.0,0.05)
(5305,2.0,0.35)
(581,5,0.05)
(6646,1.0,1.0)
(16590,1.0,1.0)
(3337,1.0,1.0)
(13952,1.0,1.0)
(9247,1.0,1.0)
(7931,1.0,1.0)
(8063,2.0,0.35)
(3681,1.0,1.0)
(3803,2.0,0.35)
(9089,5,0.05)
(3436,2.0,0.4)
(11741,0,1.0)
(7266,2.0,1.0)
(2883,1.0,1.0)
(1045,2.0,1.0)
(13808,1.0,1.0)
(909,2.0,0.35)
(7933,5.0,0.05)
(12065,2.0,0.35)
(2725,5,0.05)
(8796,4.0,0.1)
(17701,3.0,0.3)
(746,2.0,1.0)
(6398,2.0,1.0)
(6457,1.0,1.0)
(2865,1.0,1.0)
cafe
20
7715
8260
10809
13520
15713
8917
4407
1787
7255
16183
3167
2207
4980
14374
172
7726
3288
13330
5953
737
farmacia
10
17571
13086
4178
8532
17362
11702
11278
15256
10192
9595
bomba
10
4287
8915
4399
13194
8701
290
3652
4121
11123
9804